original_id	new_id
1	0
2	1
3	2
4	3
5	4
6	5
7	6
8	7
9	8
10	9
11	10
12	11
13	12
14	13
15	14
16	15
17	16
18	17
19	18
20	19
21	20
22	21
23	22
24	23
25	24
26	25
27	26
28	27
29	28
30	29
31	30
32	31
34	32
35	33
36	34
37	35
38	36
39	37
40	38
41	39
42	40
43	41
44	42
45	43
46	44
47	45
48	46
49	47
50	48
52	49
53	50
54	51
55	52
56	53
57	54
58	55
59	56
60	57
61	58
62	59
63	60
64	61
65	62
66	63
68	64
69	65
70	66
71	67
72	68
73	69
74	70
75	71
76	72
77	73
78	74
79	75
80	76
81	77
82	78
83	79
84	80
85	81
86	82
87	83
88	84
89	85
90	86
92	87
93	88
94	89
95	90
96	91
97	92
98	93
99	94
100	95
101	96
102	97
103	98
104	99
105	100
106	101
107	102
108	103
110	104
111	105
112	106
113	107
114	108
116	109
117	110
118	111
119	112
121	113
122	114
123	115
124	116
125	117
126	118
128	119
129	120
131	121
132	122
135	123
136	124
137	125
140	126
141	127
144	128
145	129
146	130
147	131
148	132
149	133
150	134
151	135
152	136
153	137
154	138
155	139
156	140
157	141
158	142
159	143
160	144
161	145
162	146
163	147
164	148
165	149
166	150
167	151
168	152
169	153
170	154
171	155
172	156
173	157
174	158
175	159
176	160
177	161
178	162
179	163
180	164
181	165
182	166
183	167
184	168
185	169
186	170
187	171
188	172
189	173
190	174
191	175
193	176
194	177
195	178
196	179
197	180
198	181
199	182
200	183
201	184
202	185
203	186
204	187
205	188
206	189
207	190
208	191
209	192
210	193
211	194
212	195
213	196
214	197
215	198
216	199
217	200
218	201
219	202
220	203
222	204
223	205
224	206
225	207
227	208
228	209
229	210
230	211
231	212
232	213
233	214
234	215
235	216
236	217
237	218
238	219
239	220
240	221
241	222
242	223
243	224
244	225
245	226
246	227
247	228
248	229
249	230
250	231
251	232
252	233
253	234
254	235
255	236
256	237
257	238
258	239
259	240
260	241
261	242
262	243
263	244
264	245
265	246
266	247
267	248
268	249
269	250
270	251
271	252
272	253
273	254
274	255
275	256
276	257
277	258
278	259
279	260
280	261
281	262
282	263
283	264
287	265
288	266
289	267
290	268
291	269
292	270
293	271
294	272
295	273
296	274
297	275
298	276
299	277
300	278
301	279
302	280
303	281
304	282
305	283
306	284
307	285
308	286
309	287
310	288
312	289
313	290
314	291
315	292
316	293
317	294
318	295
319	296
320	297
321	298
322	299
324	300
325	301
326	302
327	303
328	304
329	305
330	306
331	307
332	308
333	309
334	310
335	311
336	312
337	313
338	314
339	315
340	316
341	317
342	318
343	319
344	320
345	321
346	322
347	323
348	324
349	325
350	326
351	327
352	328
353	329
354	330
355	331
356	332
357	333
358	334
359	335
360	336
361	337
362	338
363	339
364	340
365	341
366	342
367	343
368	344
369	345
370	346
371	347
372	348
373	349
374	350
375	351
376	352
377	353
378	354
379	355
380	356
381	357
382	358
383	359
384	360
385	361
386	362
387	363
388	364
389	365
390	366
391	367
392	368
393	369
394	370
397	371
405	372
406	373
407	374
408	375
409	376
410	377
411	378
412	379
413	380
414	381
415	382
416	383
417	384
418	385
419	386
420	387
421	388
422	389
423	390
424	391
425	392
426	393
427	394
428	395
429	396
430	397
431	398
432	399
433	400
434	401
435	402
436	403
437	404
438	405
440	406
441	407
442	408
443	409
444	410
445	411
446	412
447	413
448	414
449	415
450	416
451	417
452	418
453	419
454	420
455	421
456	422
457	423
458	424
459	425
460	426
461	427
462	428
463	429
464	430
465	431
466	432
467	433
468	434
469	435
470	436
471	437
472	438
473	439
474	440
475	441
476	442
477	443
478	444
479	445
480	446
481	447
482	448
483	449
484	450
485	451
486	452
487	453
488	454
489	455
490	456
491	457
492	458
493	459
494	460
495	461
496	462
497	463
498	464
499	465
500	466
501	467
502	468
503	469
504	470
505	471
506	472
507	473
508	474
509	475
510	476
511	477
512	478
513	479
514	480
515	481
516	482
517	483
518	484
519	485
520	486
521	487
522	488
523	489
524	490
525	491
526	492
527	493
528	494
529	495
531	496
532	497
533	498
534	499
535	500
536	501
537	502
538	503
539	504
540	505
541	506
542	507
543	508
544	509
546	510
547	511
548	512
549	513
550	514
551	515
552	516
553	517
554	518
555	519
556	520
558	521
559	522
560	523
561	524
562	525
563	526
564	527
565	528
566	529
567	530
568	531
569	532
570	533
571	534
573	535
574	536
575	537
577	538
580	539
581	540
583	541
585	542
586	543
587	544
588	545
589	546
590	547
592	548
593	549
594	550
595	551
596	552
597	553
598	554
599	555
600	556
602	557
603	558
605	559
606	560
608	561
609	562
610	563
611	564
612	565
613	566
614	567
615	568
616	569
617	570
618	571
619	572
621	573
626	574
627	575
628	576
630	577
631	578
632	579
633	580
635	581
637	582
638	583
639	584
640	585
645	586
647	587
648	588
649	589
650	590
652	591
653	592
656	593
659	594
661	595
662	596
663	597
664	598
665	599
667	600
668	601
669	602
670	603
671	604
673	605
674	606
678	607
680	608
681	609
685	610
688	611
691	612
692	613
694	614
695	615
697	616
698	617
700	618
702	619
703	620
704	621
705	622
707	623
708	624
709	625
710	626
711	627
714	628
715	629
716	630
718	631
719	632
720	633
722	634
724	635
725	636
726	637
728	638
731	639
732	640
733	641
735	642
736	643
737	644
741	645
742	646
743	647
745	648
746	649
747	650
748	651
750	652
751	653
753	654
754	655
755	656
759	657
760	658
761	659
762	660
764	661
765	662
766	663
767	664
769	665
771	666
775	667
778	668
779	669
780	670
781	671
782	672
783	673
784	674
785	675
786	676
788	677
793	678
798	679
799	680
800	681
801	682
802	683
803	684
804	685
805	686
806	687
807	688
808	689
809	690
810	691
811	692
813	693
815	694
818	695
824	696
828	697
829	698
830	699
831	700
832	701
833	702
835	703
836	704
837	705
838	706
839	707
840	708
841	709
842	710
844	711
846	712
847	713
848	714
849	715
850	716
851	717
852	718
854	719
858	720
860	721
861	722
862	723
863	724
864	725
866	726
867	727
869	728
870	729
874	730
875	731
876	732
877	733
879	734
880	735
881	736
882	737
885	738
886	739
888	740
891	741
892	742
893	743
896	744
897	745
898	746
899	747
900	748
901	749
902	750
903	751
904	752
905	753
906	754
907	755
908	756
909	757
910	758
911	759
912	760
913	761
914	762
915	763
916	764
917	765
918	766
919	767
920	768
921	769
922	770
923	771
924	772
925	773
926	774
927	775
928	776
929	777
930	778
931	779
932	780
933	781
934	782
935	783
936	784
937	785
938	786
939	787
940	788
941	789
942	790
943	791
944	792
945	793
946	794
947	795
948	796
949	797
950	798
951	799
952	800
953	801
954	802
955	803
956	804
957	805
958	806
959	807
960	808
961	809
962	810
963	811
964	812
965	813
966	814
967	815
968	816
969	817
970	818
971	819
972	820
973	821
974	822
976	823
978	824
980	825
982	826
984	827
986	828
987	829
988	830
990	831
991	832
992	833
993	834
994	835
996	836
997	837
998	838
999	839
1000	840
1002	841
1003	842
1004	843
1005	844
1006	845
1007	846
1008	847
1009	848
1010	849
1011	850
1012	851
1013	852
1014	853
1015	854
1016	855
1017	856
1018	857
1019	858
1020	859
1021	860
1022	861
1023	862
1024	863
1025	864
1026	865
1027	866
1028	867
1029	868
1030	869
1031	870
1032	871
1033	872
1034	873
1035	874
1036	875
1037	876
1038	877
1040	878
1041	879
1042	880
1043	881
1044	882
1046	883
1047	884
1049	885
1050	886
1051	887
1053	888
1054	889
1055	890
1056	891
1057	892
1058	893
1059	894
1060	895
1061	896
1063	897
1064	898
1066	899
1067	900
1068	901
1069	902
1071	903
1073	904
1076	905
1077	906
1078	907
1079	908
1080	909
1081	910
1082	911
1083	912
1084	913
1085	914
1086	915
1087	916
1088	917
1089	918
1090	919
1091	920
1092	921
1093	922
1094	923
1095	924
1096	925
1097	926
1098	927
1099	928
1100	929
1101	930
1103	931
1104	932
1105	933
1111	934
1112	935
1113	936
1114	937
1116	938
1117	939
1119	940
1120	941
1121	942
1123	943
1124	944
1125	945
1126	946
1127	947
1128	948
1129	949
1130	950
1131	951
1132	952
1135	953
1136	954
1138	955
1144	956
1147	957
1148	958
1150	959
1151	960
1152	961
1153	962
1154	963
1160	964
1161	965
1162	966
1163	967
1164	968
1167	969
1168	970
1169	971
1170	972
1171	973
1172	974
1173	975
1174	976
1175	977
1176	978
1177	979
1178	980
1179	981
1180	982
1181	983
1183	984
1184	985
1185	986
1186	987
1187	988
1188	989
1189	990
1190	991
1191	992
1192	993
1193	994
1194	995
1196	996
1197	997
1198	998
1199	999
1200	1000
1201	1001
1202	1002
1203	1003
1204	1004
1205	1005
1206	1006
1207	1007
1208	1008
1209	1009
1210	1010
1211	1011
1212	1012
1213	1013
1214	1014
1215	1015
1216	1016
1217	1017
1218	1018
1219	1019
1220	1020
1221	1021
1222	1022
1223	1023
1224	1024
1225	1025
1226	1026
1227	1027
1228	1028
1230	1029
1231	1030
1232	1031
1233	1032
1234	1033
1235	1034
1236	1035
1237	1036
1238	1037
1240	1038
1241	1039
1242	1040
1243	1041
1244	1042
1245	1043
1246	1044
1247	1045
1248	1046
1249	1047
1250	1048
1251	1049
1252	1050
1253	1051
1254	1052
1255	1053
1256	1054
1257	1055
1258	1056
1259	1057
1260	1058
1261	1059
1262	1060
1263	1061
1264	1062
1265	1063
1266	1064
1267	1065
1268	1066
1269	1067
1270	1068
1271	1069
1272	1070
1273	1071
1274	1072
1275	1073
1276	1074
1277	1075
1278	1076
1279	1077
1280	1078
1281	1079
1282	1080
1283	1081
1284	1082
1285	1083
1286	1084
1287	1085
1288	1086
1289	1087
1290	1088
1291	1089
1292	1090
1293	1091
1294	1092
1295	1093
1296	1094
1297	1095
1298	1096
1299	1097
1300	1098
1301	1099
1302	1100
1303	1101
1304	1102
1305	1103
1306	1104
1307	1105
1310	1106
1311	1107
1312	1108
1313	1109
1317	1110
1320	1111
1321	1112
1322	1113
1323	1114
1324	1115
1325	1116
1326	1117
1327	1118
1328	1119
1329	1120
1330	1121
1331	1122
1332	1123
1333	1124
1334	1125
1335	1126
1336	1127
1337	1128
1339	1129
1340	1130
1341	1131
1342	1132
1343	1133
1344	1134
1345	1135
1346	1136
1347	1137
1348	1138
1349	1139
1350	1140
1351	1141
1352	1142
1353	1143
1354	1144
1355	1145
1356	1146
1357	1147
1358	1148
1359	1149
1361	1150
1362	1151
1363	1152
1365	1153
1366	1154
1367	1155
1369	1156
1370	1157
1371	1158
1372	1159
1373	1160
1374	1161
1375	1162
1376	1163
1377	1164
1378	1165
1379	1166
1380	1167
1381	1168
1382	1169
1383	1170
1384	1171
1385	1172
1387	1173
1388	1174
1389	1175
1390	1176
1391	1177
1392	1178
1393	1179
1394	1180
1395	1181
1396	1182
1397	1183
1398	1184
1399	1185
1401	1186
1404	1187
1405	1188
1406	1189
1407	1190
1408	1191
1409	1192
1410	1193
1411	1194
1412	1195
1413	1196
1414	1197
1415	1198
1416	1199
1417	1200
1419	1201
1420	1202
1421	1203
1422	1204
1423	1205
1425	1206
1426	1207
1427	1208
1428	1209
1429	1210
1431	1211
1432	1212
1433	1213
1436	1214
1437	1215
1438	1216
1439	1217
1440	1218
1441	1219
1442	1220
1444	1221
1445	1222
1446	1223
1447	1224
1449	1225
1450	1226
1453	1227
1454	1228
1455	1229
1456	1230
1457	1231
1458	1232
1459	1233
1460	1234
1461	1235
1463	1236
1464	1237
1465	1238
1466	1239
1468	1240
1471	1241
1472	1242
1473	1243
1474	1244
1475	1245
1476	1246
1477	1247
1479	1248
1480	1249
1482	1250
1483	1251
1484	1252
1485	1253
1486	1254
1487	1255
1488	1256
1489	1257
1490	1258
1493	1259
1494	1260
1495	1261
1496	1262
1497	1263
1498	1264
1499	1265
1500	1266
1501	1267
1502	1268
1503	1269
1504	1270
1507	1271
1508	1272
1509	1273
1511	1274
1513	1275
1514	1276
1515	1277
1516	1278
1517	1279
1518	1280
1519	1281
1520	1282
1522	1283
1523	1284
1525	1285
1526	1286
1527	1287
1529	1288
1531	1289
1532	1290
1533	1291
1534	1292
1535	1293
1537	1294
1538	1295
1539	1296
1541	1297
1542	1298
1543	1299
1544	1300
1545	1301
1546	1302
1547	1303
1549	1304
1550	1305
1551	1306
1552	1307
1554	1308
1556	1309
1562	1310
1563	1311
1564	1312
1565	1313
1566	1314
1567	1315
1569	1316
1570	1317
1571	1318
1572	1319
1573	1320
1574	1321
1575	1322
1580	1323
1581	1324
1582	1325
1583	1326
1584	1327
1585	1328
1586	1329
1587	1330
1588	1331
1589	1332
1590	1333
1591	1334
1592	1335
1593	1336
1594	1337
1595	1338
1596	1339
1597	1340
1598	1341
1599	1342
1600	1343
1601	1344
1602	1345
1603	1346
1604	1347
1605	1348
1606	1349
1608	1350
1609	1351
1610	1352
1611	1353
1612	1354
1613	1355
1614	1356
1615	1357
1616	1358
1617	1359
1619	1360
1620	1361
1621	1362
1622	1363
1623	1364
1624	1365
1625	1366
1626	1367
1627	1368
1629	1369
1631	1370
1632	1371
1633	1372
1635	1373
1636	1374
1639	1375
1640	1376
1641	1377
1642	1378
1643	1379
1644	1380
1645	1381
1646	1382
1647	1383
1648	1384
1649	1385
1650	1386
1651	1387
1653	1388
1654	1389
1655	1390
1656	1391
1657	1392
1658	1393
1659	1394
1660	1395
1661	1396
1662	1397
1663	1398
1664	1399
1665	1400
1666	1401
1667	1402
1668	1403
1669	1404
1670	1405
1671	1406
1672	1407
1673	1408
1674	1409
1675	1410
1676	1411
1677	1412
1678	1413
1679	1414
1680	1415
1681	1416
1682	1417
1683	1418
1684	1419
1685	1420
1686	1421
1687	1422
1688	1423
1689	1424
1690	1425
1692	1426
1693	1427
1694	1428
1695	1429
1696	1430
1699	1431
1701	1432
1702	1433
1703	1434
1704	1435
1707	1436
1711	1437
1713	1438
1715	1439
1717	1440
1718	1441
1719	1442
1720	1443
1721	1444
1722	1445
1725	1446
1726	1447
1727	1448
1728	1449
1729	1450
1730	1451
1731	1452
1732	1453
1733	1454
1734	1455
1735	1456
1739	1457
1741	1458
1743	1459
1744	1460
1746	1461
1747	1462
1748	1463
1749	1464
1750	1465
1752	1466
1753	1467
1754	1468
1755	1469
1756	1470
1758	1471
1759	1472
1760	1473
1762	1474
1767	1475
1769	1476
1770	1477
1771	1478
1772	1479
1777	1480
1779	1481
1780	1482
1782	1483
1783	1484
1784	1485
1785	1486
1788	1487
1791	1488
1792	1489
1793	1490
1794	1491
1796	1492
1797	1493
1798	1494
1799	1495
1801	1496
1804	1497
1805	1498
1806	1499
1807	1500
1809	1501
1810	1502
1811	1503
1812	1504
1814	1505
1816	1506
1817	1507
1821	1508
1822	1509
1824	1510
1825	1511
1826	1512
1827	1513
1829	1514
1831	1515
1833	1516
1834	1517
1835	1518
1836	1519
1837	1520
1839	1521
1840	1522
1841	1523
1844	1524
1845	1525
1846	1526
1848	1527
1849	1528
1850	1529
1853	1530
1854	1531
1855	1532
1856	1533
1857	1534
1858	1535
1859	1536
1860	1537
1862	1538
1863	1539
1864	1540
1865	1541
1866	1542
1867	1543
1869	1544
1870	1545
1872	1546
1873	1547
1874	1548
1875	1549
1876	1550
1878	1551
1879	1552
1880	1553
1881	1554
1882	1555
1883	1556
1884	1557
1885	1558
1887	1559
1888	1560
1889	1561
1890	1562
1891	1563
1892	1564
1893	1565
1894	1566
1895	1567
1896	1568
1897	1569
1898	1570
1899	1571
1900	1572
1901	1573
1902	1574
1903	1575
1904	1576
1906	1577
1907	1578
1909	1579
1910	1580
1911	1581
1912	1582
1913	1583
1914	1584
1916	1585
1917	1586
1918	1587
1919	1588
1920	1589
1921	1590
1922	1591
1923	1592
1924	1593
1925	1594
1926	1595
1927	1596
1928	1597
1929	1598
1930	1599
1931	1600
1932	1601
1933	1602
1934	1603
1935	1604
1936	1605
1937	1606
1938	1607
1939	1608
1940	1609
1941	1610
1942	1611
1943	1612
1944	1613
1945	1614
1946	1615
1947	1616
1948	1617
1949	1618
1950	1619
1951	1620
1952	1621
1953	1622
1954	1623
1955	1624
1956	1625
1957	1626
1958	1627
1959	1628
1960	1629
1961	1630
1962	1631
1963	1632
1964	1633
1965	1634
1966	1635
1967	1636
1968	1637
1969	1638
1970	1639
1971	1640
1972	1641
1973	1642
1974	1643
1975	1644
1976	1645
1977	1646
1978	1647
1979	1648
1980	1649
1981	1650
1982	1651
1983	1652
1984	1653
1985	1654
1986	1655
1987	1656
1988	1657
1989	1658
1990	1659
1991	1660
1992	1661
1993	1662
1994	1663
1995	1664
1996	1665
1997	1666
1998	1667
1999	1668
2000	1669
2001	1670
2002	1671
2003	1672
2004	1673
2005	1674
2006	1675
2007	1676
2008	1677
2009	1678
2010	1679
2011	1680
2012	1681
2013	1682
2014	1683
2015	1684
2016	1685
2017	1686
2018	1687
2019	1688
2020	1689
2021	1690
2022	1691
2023	1692
2024	1693
2025	1694
2026	1695
2027	1696
2028	1697
2029	1698
2031	1699
2032	1700
2033	1701
2034	1702
2035	1703
2036	1704
2037	1705
2038	1706
2040	1707
2041	1708
2042	1709
2043	1710
2044	1711
2045	1712
2046	1713
2047	1714
2048	1715
2049	1716
2050	1717
2051	1718
2052	1719
2053	1720
2054	1721
2055	1722
2056	1723
2057	1724
2058	1725
2059	1726
2060	1727
2061	1728
2062	1729
2063	1730
2064	1731
2065	1732
2066	1733
2067	1734
2068	1735
2069	1736
2070	1737
2071	1738
2072	1739
2073	1740
2074	1741
2075	1742
2076	1743
2077	1744
2078	1745
2079	1746
2080	1747
2081	1748
2082	1749
2083	1750
2084	1751
2085	1752
2086	1753
2087	1754
2088	1755
2089	1756
2090	1757
2091	1758
2092	1759
2093	1760
2094	1761
2095	1762
2096	1763
2097	1764
2098	1765
2099	1766
2100	1767
2101	1768
2102	1769
2103	1770
2104	1771
2105	1772
2106	1773
2107	1774
2108	1775
2109	1776
2110	1777
2111	1778
2112	1779
2113	1780
2114	1781
2115	1782
2116	1783
2117	1784
2118	1785
2119	1786
2120	1787
2121	1788
2122	1789
2123	1790
2124	1791
2125	1792
2126	1793
2128	1794
2129	1795
2130	1796
2131	1797
2132	1798
2133	1799
2134	1800
2135	1801
2136	1802
2137	1803
2138	1804
2139	1805
2140	1806
2141	1807
2142	1808
2143	1809
2144	1810
2145	1811
2146	1812
2147	1813
2148	1814
2149	1815
2150	1816
2151	1817
2152	1818
2153	1819
2154	1820
2155	1821
2156	1822
2157	1823
2158	1824
2159	1825
2160	1826
2161	1827
2162	1828
2163	1829
2164	1830
2165	1831
2166	1832
2167	1833
2168	1834
2169	1835
2170	1836
2171	1837
2173	1838
2174	1839
2175	1840
2176	1841
2177	1842
2178	1843
2179	1844
2180	1845
2181	1846
2182	1847
2183	1848
2184	1849
2185	1850
2186	1851
2187	1852
2188	1853
2189	1854
2190	1855
2191	1856
2192	1857
2193	1858
2194	1859
2195	1860
2196	1861
2197	1862
2200	1863
2201	1864
2202	1865
2203	1866
2204	1867
2205	1868
2206	1869
2207	1870
2208	1871
2209	1872
2210	1873
2211	1874
2212	1875
2215	1876
2219	1877
2221	1878
2227	1879
2231	1880
2232	1881
2233	1882
2234	1883
2236	1884
2237	1885
2238	1886
2239	1887
2240	1888
2241	1889
2242	1890
2243	1891
2244	1892
2245	1893
2246	1894
2247	1895
2248	1896
2249	1897
2250	1898
2252	1899
2253	1900
2255	1901
2256	1902
2257	1903
2259	1904
2260	1905
2261	1906
2262	1907
2263	1908
2264	1909
2265	1910
2266	1911
2267	1912
2268	1913
2269	1914
2271	1915
2272	1916
2273	1917
2275	1918
2276	1919
2278	1920
2279	1921
2280	1922
2281	1923
2282	1924
2283	1925
2284	1926
2285	1927
2286	1928
2287	1929
2288	1930
2289	1931
2290	1932
2291	1933
2292	1934
2293	1935
2294	1936
2295	1937
2296	1938
2297	1939
2298	1940
2300	1941
2301	1942
2302	1943
2303	1944
2304	1945
2305	1946
2306	1947
2307	1948
2310	1949
2311	1950
2312	1951
2313	1952
2314	1953
2315	1954
2316	1955
2317	1956
2318	1957
2320	1958
2321	1959
2322	1960
2323	1961
2324	1962
2325	1963
2326	1964
2327	1965
2328	1966
2329	1967
2330	1968
2331	1969
2332	1970
2333	1971
2334	1972
2335	1973
2336	1974
2337	1975
2338	1976
2339	1977
2340	1978
2341	1979
2342	1980
2344	1981
2345	1982
2346	1983
2347	1984
2348	1985
2349	1986
2350	1987
2351	1988
2352	1989
2353	1990
2354	1991
2355	1992
2356	1993
2357	1994
2359	1995
2360	1996
2361	1997
2362	1998
2363	1999
2364	2000
2365	2001
2366	2002
2367	2003
2368	2004
2369	2005
2370	2006
2371	2007
2372	2008
2373	2009
2374	2010
2375	2011
2376	2012
2377	2013
2378	2014
2379	2015
2380	2016
2381	2017
2382	2018
2383	2019
2384	2020
2385	2021
2386	2022
2387	2023
2388	2024
2389	2025
2390	2026
2391	2027
2392	2028
2393	2029
2394	2030
2395	2031
2396	2032
2397	2033
2398	2034
2399	2035
2400	2036
2401	2037
2402	2038
2403	2039
2404	2040
2405	2041
2406	2042
2407	2043
2408	2044
2409	2045
2410	2046
2411	2047
2412	2048
2413	2049
2414	2050
2415	2051
2416	2052
2417	2053
2418	2054
2419	2055
2420	2056
2421	2057
2422	2058
2423	2059
2424	2060
2425	2061
2426	2062
2427	2063
2428	2064
2429	2065
2430	2066
2431	2067
2432	2068
2433	2069
2434	2070
2435	2071
2436	2072
2437	2073
2439	2074
2440	2075
2441	2076
2442	2077
2443	2078
2444	2079
2445	2080
2446	2081
2447	2082
2448	2083
2449	2084
2450	2085
2451	2086
2452	2087
2453	2088
2454	2089
2455	2090
2456	2091
2457	2092
2458	2093
2459	2094
2460	2095
2461	2096
2462	2097
2463	2098
2464	2099
2465	2100
2466	2101
2467	2102
2468	2103
2469	2104
2470	2105
2471	2106
2472	2107
2473	2108
2474	2109
2475	2110
2476	2111
2477	2112
2478	2113
2479	2114
2481	2115
2482	2116
2483	2117
2485	2118
2486	2119
2487	2120
2488	2121
2490	2122
2491	2123
2492	2124
2493	2125
2494	2126
2495	2127
2496	2128
2497	2129
2498	2130
2499	2131
2500	2132
2501	2133
2502	2134
2503	2135
2504	2136
2505	2137
2506	2138
2507	2139
2509	2140
2511	2141
2512	2142
2513	2143
2514	2144
2515	2145
2516	2146
2517	2147
2518	2148
2519	2149
2520	2150
2521	2151
2522	2152
2523	2153
2524	2154
2525	2155
2526	2156
2527	2157
2528	2158
2529	2159
2530	2160
2531	2161
2532	2162
2533	2163
2534	2164
2535	2165
2536	2166
2537	2167
2538	2168
2539	2169
2540	2170
2541	2171
2542	2172
2544	2173
2545	2174
2546	2175
2548	2176
2549	2177
2550	2178
2551	2179
2552	2180
2553	2181
2554	2182
2555	2183
2557	2184
2558	2185
2559	2186
2560	2187
2561	2188
2562	2189
2565	2190
2566	2191
2567	2192
2568	2193
2569	2194
2570	2195
2571	2196
2572	2197
2573	2198
2574	2199
2575	2200
2577	2201
2579	2202
2580	2203
2581	2204
2582	2205
2583	2206
2585	2207
2586	2208
2587	2209
2589	2210
2590	2211
2593	2212
2594	2213
2596	2214
2597	2215
2598	2216
2599	2217
2600	2218
2602	2219
2605	2220
2606	2221
2607	2222
2608	2223
2609	2224
2610	2225
2611	2226
2612	2227
2613	2228
2614	2229
2615	2230
2616	2231
2617	2232
2618	2233
2620	2234
2621	2235
2622	2236
2624	2237
2625	2238
2626	2239
2627	2240
2628	2241
2629	2242
2630	2243
2631	2244
2632	2245
2633	2246
2634	2247
2635	2248
2636	2249
2637	2250
2638	2251
2639	2252
2640	2253
2641	2254
2642	2255
2643	2256
2644	2257
2645	2258
2646	2259
2647	2260
2648	2261
2649	2262
2650	2263
2651	2264
2652	2265
2653	2266
2654	2267
2655	2268
2656	2269
2657	2270
2658	2271
2659	2272
2660	2273
2661	2274
2662	2275
2663	2276
2664	2277
2665	2278
2666	2279
2667	2280
2668	2281
2669	2282
2670	2283
2671	2284
2672	2285
2673	2286
2674	2287
2675	2288
2676	2289
2677	2290
2678	2291
2679	2292
2681	2293
2682	2294
2683	2295
2686	2296
2687	2297
2688	2298
2689	2299
2690	2300
2691	2301
2692	2302
2693	2303
2694	2304
2695	2305
2696	2306
2697	2307
2699	2308
2700	2309
2701	2310
2702	2311
2704	2312
2705	2313
2706	2314
2707	2315
2708	2316
2709	2317
2710	2318
2711	2319
2712	2320
2713	2321
2714	2322
2715	2323
2716	2324
2717	2325
2718	2326
2719	2327
2720	2328
2721	2329
2722	2330
2723	2331
2724	2332
2725	2333
2726	2334
2727	2335
2728	2336
2729	2337
2730	2338
2731	2339
2732	2340
2733	2341
2734	2342
2735	2343
2736	2344
2737	2345
2738	2346
2739	2347
2740	2348
2741	2349
2743	2350
2744	2351
2745	2352
2746	2353
2747	2354
2748	2355
2749	2356
2750	2357
2751	2358
2752	2359
2753	2360
2754	2361
2755	2362
2756	2363
2757	2364
2758	2365
2759	2366
2760	2367
2761	2368
2762	2369
2763	2370
2764	2371
2765	2372
2766	2373
2767	2374
2768	2375
2769	2376
2770	2377
2771	2378
2772	2379
2773	2380
2774	2381
2775	2382
2776	2383
2777	2384
2778	2385
2779	2386
2780	2387
2781	2388
2782	2389
2783	2390
2784	2391
2785	2392
2786	2393
2787	2394
2788	2395
2789	2396
2790	2397
2791	2398
2792	2399
2793	2400
2794	2401
2795	2402
2796	2403
2797	2404
2798	2405
2799	2406
2800	2407
2801	2408
2802	2409
2803	2410
2804	2411
2805	2412
2806	2413
2807	2414
2808	2415
2809	2416
2810	2417
2812	2418
2813	2419
2814	2420
2815	2421
2816	2422
2817	2423
2818	2424
2819	2425
2820	2426
2822	2427
2824	2428
2826	2429
2827	2430
2828	2431
2829	2432
2830	2433
2831	2434
2833	2435
2834	2436
2835	2437
2836	2438
2837	2439
2839	2440
2840	2441
2841	2442
2842	2443
2843	2444
2844	2445
2846	2446
2847	2447
2848	2448
2849	2449
2850	2450
2851	2451
2852	2452
2853	2453
2854	2454
2855	2455
2856	2456
2857	2457
2858	2458
2859	2459
2860	2460
2861	2461
2862	2462
2863	2463
2864	2464
2865	2465
2866	2466
2867	2467
2868	2468
2870	2469
2871	2470
2872	2471
2873	2472
2874	2473
2875	2474
2876	2475
2877	2476
2878	2477
2879	2478
2880	2479
2881	2480
2882	2481
2883	2482
2884	2483
2885	2484
2886	2485
2888	2486
2889	2487
2890	2488
2891	2489
2892	2490
2893	2491
2894	2492
2896	2493
2897	2494
2898	2495
2899	2496
2900	2497
2901	2498
2902	2499
2903	2500
2904	2501
2905	2502
2906	2503
2907	2504
2908	2505
2911	2506
2912	2507
2913	2508
2914	2509
2915	2510
2916	2511
2917	2512
2918	2513
2919	2514
2920	2515
2921	2516
2922	2517
2923	2518
2924	2519
2925	2520
2926	2521
2927	2522
2928	2523
2929	2524
2930	2525
2931	2526
2932	2527
2933	2528
2934	2529
2935	2530
2936	2531
2937	2532
2938	2533
2939	2534
2940	2535
2941	2536
2942	2537
2943	2538
2944	2539
2945	2540
2946	2541
2947	2542
2948	2543
2949	2544
2950	2545
2951	2546
2952	2547
2953	2548
2956	2549
2959	2550
2961	2551
2962	2552
2963	2553
2964	2554
2965	2555
2966	2556
2967	2557
2968	2558
2969	2559
2970	2560
2971	2561
2972	2562
2973	2563
2974	2564
2975	2565
2976	2566
2977	2567
2978	2568
2979	2569
2981	2570
2982	2571
2983	2572
2984	2573
2985	2574
2986	2575
2987	2576
2988	2577
2989	2578
2990	2579
2991	2580
2992	2581
2993	2582
2994	2583
2995	2584
2996	2585
2997	2586
2998	2587
3000	2588
3001	2589
3002	2590
3003	2591
3004	2592
3005	2593
3006	2594
3007	2595
3008	2596
3010	2597
3011	2598
3012	2599
3013	2600
3014	2601
3015	2602
3016	2603
3017	2604
3018	2605
3019	2606
3020	2607
3021	2608
3022	2609
3024	2610
3025	2611
3026	2612
3027	2613
3028	2614
3029	2615
3030	2616
3031	2617
3032	2618
3033	2619
3034	2620
3035	2621
3036	2622
3037	2623
3038	2624
3039	2625
3040	2626
3041	2627
3042	2628
3043	2629
3044	2630
3045	2631
3046	2632
3047	2633
3048	2634
3049	2635
3050	2636
3051	2637
3052	2638
3053	2639
3054	2640
3055	2641
3056	2642
3058	2643
3060	2644
3061	2645
3062	2646
3063	2647
3064	2648
3066	2649
3067	2650
3068	2651
3069	2652
3070	2653
3071	2654
3072	2655
3073	2656
3074	2657
3075	2658
3076	2659
3077	2660
3078	2661
3079	2662
3081	2663
3082	2664
3083	2665
3086	2666
3087	2667
3088	2668
3089	2669
3090	2670
3091	2671
3092	2672
3093	2673
3094	2674
3095	2675
3096	2676
3097	2677
3098	2678
3099	2679
3100	2680
3101	2681
3102	2682
3103	2683
3104	2684
3105	2685
3106	2686
3107	2687
3108	2688
3109	2689
3110	2690
3111	2691
3112	2692
3113	2693
3114	2694
3115	2695
3116	2696
3117	2697
3118	2698
3120	2699
3121	2700
3122	2701
3124	2702
3125	2703
3127	2704
3128	2705
3129	2706
3130	2707
3132	2708
3133	2709
3134	2710
3135	2711
3137	2712
3138	2713
3139	2714
3140	2715
3141	2716
3142	2717
3143	2718
3144	2719
3145	2720
3146	2721
3147	2722
3148	2723
3149	2724
3150	2725
3152	2726
3153	2727
3154	2728
3155	2729
3156	2730
3157	2731
3158	2732
3159	2733
3160	2734
3161	2735
3162	2736
3163	2737
3165	2738
3166	2739
3167	2740
3168	2741
3169	2742
3171	2743
3173	2744
3174	2745
3175	2746
3176	2747
3177	2748
3178	2749
3179	2750
3180	2751
3181	2752
3182	2753
3183	2754
3184	2755
3185	2756
3186	2757
3188	2758
3189	2759
3190	2760
3192	2761
3194	2762
3196	2763
3197	2764
3198	2765
3199	2766
3200	2767
3201	2768
3203	2769
3204	2770
3206	2771
3207	2772
3208	2773
3210	2774
3211	2775
3213	2776
3214	2777
3215	2778
3217	2779
3218	2780
3219	2781
3221	2782
3222	2783
3223	2784
3224	2785
3225	2786
3230	2787
3232	2788
3235	2789
3238	2790
3239	2791
3240	2792
3241	2793
3243	2794
3244	2795
3245	2796
3246	2797
3247	2798
3248	2799
3249	2800
3250	2801
3251	2802
3252	2803
3253	2804
3254	2805
3255	2806
3256	2807
3257	2808
3258	2809
3259	2810
3260	2811
3261	2812
3262	2813
3263	2814
3264	2815
3265	2816
3266	2817
3267	2818
3268	2819
3269	2820
3270	2821
3271	2822
3272	2823
3273	2824
3274	2825
3275	2826
3276	2827
3281	2828
3282	2829
3283	2830
3284	2831
3285	2832
3286	2833
3287	2834
3289	2835
3292	2836
3293	2837
3296	2838
3298	2839
3299	2840
3300	2841
3301	2842
3302	2843
3303	2844
3304	2845
3306	2846
3307	2847
3308	2848
3309	2849
3310	2850
3311	2851
3313	2852
3316	2853
3317	2854
3318	2855
3319	2856
3320	2857
3324	2858
3325	2859
3326	2860
3327	2861
3328	2862
3329	2863
3330	2864
3331	2865
3333	2866
3334	2867
3335	2868
3338	2869
3339	2870
3340	2871
3341	2872
3342	2873
3343	2874
3344	2875
3345	2876
3346	2877
3347	2878
3349	2879
3350	2880
3351	2881
3354	2882
3355	2883
3357	2884
3358	2885
3359	2886
3360	2887
3361	2888
3362	2889
3363	2890
3364	2891
3365	2892
3366	2893
3367	2894
3368	2895
3370	2896
3371	2897
3372	2898
3374	2899
3375	2900
3379	2901
3384	2902
3385	2903
3386	2904
3387	2905
3388	2906
3389	2907
3390	2908
3391	2909
3392	2910
3393	2911
3394	2912
3395	2913
3396	2914
3397	2915
3398	2916
3399	2917
3400	2918
3401	2919
3402	2920
3403	2921
3404	2922
3405	2923
3406	2924
3408	2925
3409	2926
3410	2927
3412	2928
3414	2929
3415	2930
3416	2931
3417	2932
3418	2933
3419	2934
3420	2935
3421	2936
3422	2937
3423	2938
3424	2939
3425	2940
3426	2941
3427	2942
3428	2943
3429	2944
3430	2945
3431	2946
3432	2947
3433	2948
3434	2949
3435	2950
3436	2951
3437	2952
3438	2953
3439	2954
3440	2955
3441	2956
3442	2957
3443	2958
3444	2959
3445	2960
3446	2961
3447	2962
3448	2963
3449	2964
3450	2965
3451	2966
3452	2967
3453	2968
3454	2969
3456	2970
3457	2971
3459	2972
3461	2973
3462	2974
3463	2975
3464	2976
3465	2977
3466	2978
3467	2979
3468	2980
3469	2981
3470	2982
3471	2983
3473	2984
3474	2985
3475	2986
3476	2987
3477	2988
3478	2989
3479	2990
3480	2991
3481	2992
3483	2993
3484	2994
3486	2995
3487	2996
3488	2997
3489	2998
3490	2999
3491	3000
3492	3001
3494	3002
3495	3003
3496	3004
3497	3005
3498	3006
3499	3007
3500	3008
3501	3009
3502	3010
3503	3011
3504	3012
3505	3013
3506	3014
3507	3015
3508	3016
3509	3017
3510	3018
3511	3019
3512	3020
3513	3021
3514	3022
3515	3023
3516	3024
3518	3025
3519	3026
3520	3027
3521	3028
3523	3029
3524	3030
3525	3031
3526	3032
3527	3033
3528	3034
3529	3035
3531	3036
3532	3037
3533	3038
3534	3039
3535	3040
3536	3041
3537	3042
3538	3043
3539	3044
3540	3045
3543	3046
3544	3047
3545	3048
3546	3049
3547	3050
3548	3051
3549	3052
3550	3053
3551	3054
3552	3055
3553	3056
3554	3057
3555	3058
3556	3059
3557	3060
3559	3061
3562	3062
3563	3063
3564	3064
3565	3065
3566	3066
3567	3067
3568	3068
3569	3069
3570	3070
3571	3071
3572	3072
3573	3073
3574	3074
3576	3075
3577	3076
3578	3077
3579	3078
3580	3079
3581	3080
3584	3081
3585	3082
3586	3083
3587	3084
3588	3085
3590	3086
3591	3087
3592	3088
3593	3089
3594	3090
3596	3091
3597	3092
3598	3093
3599	3094
3600	3095
3602	3096
3604	3097
3605	3098
3606	3099
3608	3100
3610	3101
3611	3102
3612	3103
3613	3104
3614	3105
3615	3106
3616	3107
3617	3108
3618	3109
3619	3110
3620	3111
3622	3112
3623	3113
3624	3114
3625	3115
3626	3116
3627	3117
3628	3118
3629	3119
3632	3120
3633	3121
3634	3122
3635	3123
3636	3124
3637	3125
3638	3126
3639	3127
3640	3128
3641	3129
3642	3130
3643	3131
3644	3132
3645	3133
3646	3134
3648	3135
3649	3136
3652	3137
3653	3138
3654	3139
3655	3140
3657	3141
3658	3142
3659	3143
3660	3144
3661	3145
3662	3146
3663	3147
3664	3148
3665	3149
3666	3150
3667	3151
3668	3152
3669	3153
3670	3154
3671	3155
3672	3156
3673	3157
3674	3158
3675	3159
3676	3160
3677	3161
3678	3162
3679	3163
3680	3164
3681	3165
3682	3166
3683	3167
3684	3168
3685	3169
3686	3170
3688	3171
3689	3172
3690	3173
3691	3174
3692	3175
3693	3176
3694	3177
3695	3178
3696	3179
3697	3180
3698	3181
3699	3182
3700	3183
3701	3184
3702	3185
3703	3186
3704	3187
3705	3188
3706	3189
3707	3190
3708	3191
3709	3192
3710	3193
3711	3194
3712	3195
3713	3196
3714	3197
3715	3198
3716	3199
3717	3200
3718	3201
3719	3202
3720	3203
3721	3204
3723	3205
3724	3206
3725	3207
3726	3208
3727	3209
3728	3210
3729	3211
3730	3212
3731	3213
3732	3214
3733	3215
3734	3216
3735	3217
3736	3218
3737	3219
3738	3220
3739	3221
3740	3222
3741	3223
3742	3224
3743	3225
3744	3226
3745	3227
3746	3228
3747	3229
3749	3230
3751	3231
3752	3232
3753	3233
3754	3234
3755	3235
3756	3236
3757	3237
3758	3238
3759	3239
3760	3240
3761	3241
3763	3242
3764	3243
3765	3244
3766	3245
3767	3246
3768	3247
3769	3248
3770	3249
3771	3250
3773	3251
3774	3252
3775	3253
3776	3254
3777	3255
3778	3256
3780	3257
3781	3258
3782	3259
3783	3260
3784	3261
3785	3262
3786	3263
3787	3264
3788	3265
3789	3266
3790	3267
3791	3268
3792	3269
3793	3270
3794	3271
3795	3272
3796	3273
3797	3274
3798	3275
3799	3276
3801	3277
3802	3278
3803	3279
3804	3280
3805	3281
3806	3282
3807	3283
3808	3284
3809	3285
3810	3286
3811	3287
3812	3288
3813	3289
3814	3290
3816	3291
3817	3292
3818	3293
3819	3294
3820	3295
3821	3296
3822	3297
3823	3298
3824	3299
3825	3300
3826	3301
3827	3302
3830	3303
3831	3304
3832	3305
3833	3306
3834	3307
3835	3308
3836	3309
3837	3310
3838	3311
3839	3312
3840	3313
3841	3314
3843	3315
3844	3316
3845	3317
3846	3318
3847	3319
3848	3320
3849	3321
3850	3322
3851	3323
3852	3324
3853	3325
3854	3326
3855	3327
3857	3328
3858	3329
3859	3330
3860	3331
3861	3332
3862	3333
3863	3334
3864	3335
3865	3336
3866	3337
3867	3338
3868	3339
3869	3340
3870	3341
3871	3342
3872	3343
3873	3344
3874	3345
3875	3346
3877	3347
3878	3348
3879	3349
3880	3350
3882	3351
3883	3352
3884	3353
3885	3354
3886	3355
3889	3356
3891	3357
3892	3358
3893	3359
3894	3360
3895	3361
3896	3362
3897	3363
3898	3364
3900	3365
3901	3366
3902	3367
3903	3368
3905	3369
3906	3370
3908	3371
3909	3372
3910	3373
3911	3374
3912	3375
3913	3376
3914	3377
3915	3378
3916	3379
3917	3380
3918	3381
3919	3382
3920	3383
3921	3384
3922	3385
3923	3386
3924	3387
3925	3388
3926	3389
3927	3390
3928	3391
3929	3392
3930	3393
3931	3394
3932	3395
3933	3396
3934	3397
3935	3398
3936	3399
3937	3400
3938	3401
3939	3402
3940	3403
3941	3404
3942	3405
3943	3406
3944	3407
3945	3408
3946	3409
3947	3410
3948	3411
3949	3412
3950	3413
3951	3414
3952	3415
